51 23
211111888888888888888888888888888888888888888111111
111111288881111111111111111111111111111188882111111
888821111288881111111111111111111111188882111128888
822888821111288881111111111111111188882111128888228
822822888821111288881111111111188882111128888228228
888822822888821111288881111188882111128888228228888
811888822822888821111288888882111128888228228888118
811111888822822888821111111111128888228228888111118
811111111888822822888823212328888228228888111111118
811111111111888822822823212328228228888111111111118
811111111111111888822823212328228888111111111111118
811111111111111111822823212328228111111111111111118
811111111111111888822823212328228888111111111111118
811111111111888822822823212328228228888111111111118
811111111888822822888823212328888228228888111111118
811111888822822888821111111111128888228228888111118
811888822822888821111288888882111128888228228888118
888822822888821111288881111188882111128888228228888
822822888821111288881111111111188882111128888228228
822888821111288881111111111111111188882111128888228
888821111288881111111111111111111111188882111128888
111111288881111111111111111111111111111188882111111
111111888888888888888888888888888888888888888111111
